4776.068  26.0  35000  0  0  0  0
4834.506  26.0  35000  0  0  0  0
4835.867  26.0  35000  0  0  0  0
4838.511  26.0  35000  0  0  0  0
4885.43  26.0  35000  0  0  0  0
4887.193  26.0  35000  0  0  0  0
4909.383  26.0  35000  0  0  0  0
4910.325  26.0  35000  0  0  0  0
4917.23  26.0  35000  0  0  0  0
4924.769  26.0  35000  0  0  0  0
4927.863  26.0  35000  0  0  0  0
4968.698  26.0  35000  0  0  0  0
4969.917  26.0  35000  0  0  0  0
4983.852  26.0  35000  0  0  0  0
4986.222  26.0  35000  0  0  0  0
5004.043  26.0  35000  0  0  0  0
5016.881  26.0  35000  0  0  0  0
5036.268  26.0  35000  0  0  0  0
5048.436  26.0  35000  0  0  0  0
5072.078  26.0  35000  0  0  0  0
5099.077  26.0  35000  0  0  0  0
5127.681  26.0  35000  0  0  0  0
5137.381  26.0  35000  0  0  0  0
5148.042  26.0  35000  0  0  0  0
5162.272  26.0  35000  0  0  0  0
5165.41  26.0  35000  0  0  0  0
5187.914  26.0  35000  0  0  0  0
5196.059  26.0  35000  0  0  0  0
5198.711  26.0  35000  0  0  0  0
5215.18  26.0  35000  0  0  0  0
5216.274  26.0  35000  0  0  0  0
5250.645  26.0  35000  0  0  0  0
5253.021  26.0  35000  0  0  0  0
5259.094  26.0  35000  0  0  0  0
5263.306  26.0  35000  0  0  0  0
5273.163  26.0  35000  0  0  0  0
5283.621  26.0  35000  0  0  0  0
5328.531  26.0  35000  0  0  0  0
5369.961  26.0  35000  0  0  0  0
5379.573  26.0  35000  0  0  0  0
5403.822  26.0  35000  0  0  0  0
5405.35  26.0  35000  0  0  0  0
5405.774  26.0  35000  0  0  0  0
5436.588  26.0  35000  0  0  0  0
5445.042  26.0  35000  0  0  0  0
5455.609  26.0  35000  0  0  0  0
5473.9  26.0  35000  0  0  0  0
5476.289  26.0  35000  0  0  0  0
5483.099  26.0  35000  0  0  0  0
5497.516  26.0  35000  0  0  0  0
5503.071  26.0  35000  0  0  0  0
5506.779  26.0  35000  0  0  0  0
5512.258  26.0  35000  0  0  0  0
5532.746  26.0  35000  0  0  0  0
5560.211  26.0  35000  0  0  0  0
5565.704  26.0  35000  0  0  0  0
5567.391  26.0  35000  0  0  0  0
5572.842  26.0  35000  0  0  0  0
5587.574  26.0  35000  0  0  0  0
5598.287  26.0  35000  0  0  0  0
5600.224  26.0  35000  0  0  0  0
5658.816  26.0  35000  0  0  0  0
5662.516  26.0  35000  0  0  0  0
5686.53  26.0  35000  0  0  0  0
5712.131  26.0  35000  0  0  0  0
5752.031  26.0  35000  0  0  0  0
5762.413  26.0  35000  0  0  0  0
5793.914  26.0  35000  0  0  0  0
5816.373  26.0  35000  0  0  0  0
5856.088  26.0  35000  0  0  0  0
5862.356  26.0  35000  0  0  0  0
5883.816  26.0  35000  0  0  0  0
5930.18  26.0  35000  0  0  0  0
5940.991  26.0  35000  0  0  0  0
5952.718  26.0  35000  0  0  0  0
5958.332  26.0  35000  0  0  0  0
5976.776  26.0  35000  0  0  0  0
5983.68  26.0  35000  0  0  0  0
5984.815  26.0  35000  0  0  0  0
5997.776  26.0  35000  0  0  0  0
6007.959  26.0  35000  0  0  0  0
6020.168  26.0  35000  0  0  0  0
6024.057  26.0  35000  0  0  0  0
6165.36  26.0  35000  0  0  0  0
6173.334  26.0  35000  0  0  0  0
6191.557  26.0  35000  0  0  0  0
6213.429  26.0  35000  0  0  0  0
6240.646  26.0  35000  0  0  0  0
6252.555  26.0  35000  0  0  0  0
6270.223  26.0  35000  0  0  0  0
6271.278  26.0  35000  0  0  0  0
6301.5  26.0  35000  0  0  0  0
6335.33  26.0  35000  0  0  0  0
6336.823  26.0  35000  0  0  0  0
6355.028  26.0  35000  0  0  0  0
6400.0  26.0  35000  0  0  0  0
6411.648  26.0  35000  0  0  0  0
6419.948  26.0  35000  0  0  0  0
6475.624  26.0  35000  0  0  0  0
6481.869  26.0  35000  0  0  0  0
6494.98  26.0  35000  0  0  0  0
6495.741  26.0  35000  0  0  0  0
6518.365  26.0  35000  0  0  0  0
6547.574  26.0  35000  0  0  0  0
6574.226  26.0  35000  0  0  0  0
6609.109  26.0  35000  0  0  0  0
6663.441  26.0  35000  0  0  0  0
6703.566  26.0  35000  0  0  0  0
6726.666  26.0  35000  0  0  0  0
6750.151  26.0  35000  0  0  0  0
6806.843  26.0  35000  0  0  0  0
6810.262  26.0  35000  0  0  0  0
6828.592  26.0  35000  0  0  0  0
6841.338  26.0  35000  0  0  0  0
5349.465  20.0  35000  0  0  0  0
6122.217  20.0  35000  0  0  0  0
6161.297  20.0  35000  0  0  0  0
6162.173  20.0  35000  0  0  0  0
6163.755  20.0  35000  0  0  0  0
6166.439  20.0  35000  0  0  0  0
6169.563  20.0  35000  0  0  0  0
6439.075  20.0  35000  0  0  0  0
6449.808  20.0  35000  0  0  0  0
6493.781  20.0  35000  0  0  0  0
6499.65  20.0  35000  0  0  0  0
6572.779  20.0  35000  0  0  0  0
6717.681  20.0  35000  0  0  0  0
5172.684  12.0  35000  0  0  0  0
5711.088  12.0  35000  0  0  0  0
